str = m, n:

n = 8, m = 4
str = 

str = c:

c[0] = -1000.000000
c[1] = -100.000000
c[2] = -10.000000
c[3] = -1.000000
c[4] = 0.000000
c[5] = 0.000000
c[6] = 0.000000
c[7] = 0.000000
 str =  0.0

A: str = A:

 1.000000  0.000000  0.000000  0.000000  1.000000  0.000000  0.000000  0.000000 
 20.000000  1.000000  0.000000  0.000000  0.000000  1.000000  0.000000  0.000000 
 200.000000  20.000000  1.000000  0.000000  0.000000  0.000000  1.000000  0.000000 
 2000.000000  200.000000  20.000000  1.000000  0.000000  0.000000  0.000000  1.000000 
 str =  

 b: str = b:

 str = epsilon:

b:
 1.000000  100.000000  10000.000000  1000000.000000 

epsilon =   0.00
 A: 
Original System:
     1.000     0.000     0.000     0.000     1.000     0.000     0.000     0.000
    20.000     1.000     0.000     0.000     0.000     1.000     0.000     0.000
   200.000    20.000     1.000     0.000     0.000     0.000     1.000     0.000
  2000.000   200.000    20.000     1.000     0.000     0.000     0.000     1.000
Initial_A:
   1.00    0.00    0.00    0.00    1.00    0.00    0.00    0.00    1.00    0.00    0.00    0.00 
  20.00    1.00    0.00    0.00    0.00    1.00    0.00    0.00    0.00    1.00    0.00    0.00 
 200.00   20.00    1.00    0.00    0.00    0.00    1.00    0.00    0.00    0.00    1.00    0.00 
 2000.00  200.00   20.00    1.00    0.00    0.00    0.00    1.00    0.00    0.00    0.00    1.00 

Initial_basis:
 8  9  10  11 

Initial_c:
   0.00    0.00    0.00    0.00    0.00    0.00    0.00    0.00    1.00    1.00    1.00    1.00 

Initial_b:
   1.00  100.00  10000.00  1000000.00 
 m = 4, Initial_n = 12

Initial_basis:
 8  9  10  11 
Initial_A:
   1.00    0.00    0.00    0.00    1.00    0.00    0.00    0.00    1.00    0.00    0.00    0.00 
  20.00    1.00    0.00    0.00    0.00    1.00    0.00    0.00    0.00    1.00    0.00    0.00 
 200.00   20.00    1.00    0.00    0.00    0.00    1.00    0.00    0.00    0.00    1.00    0.00 
 2000.00  200.00   20.00    1.00    0.00    0.00    0.00    1.00    0.00    0.00    0.00    1.00 

Initial_basis:
 8  9  10  11 

Initial_d:
 8  9  10  11  0  1  2  3  4  5  6  7 

Initial_A_aux (B, D):
   1.00    0.00    0.00    0.00    1.00    0.00    0.00    0.00    1.00    0.00    0.00    0.00 
   0.00    1.00    0.00    0.00   20.00    1.00    0.00    0.00    0.00    1.00    0.00    0.00 
   0.00    0.00    1.00    0.00  200.00   20.00    1.00    0.00    0.00    0.00    1.00    0.00 
   0.00    0.00    0.00    1.00  2000.00  200.00   20.00    1.00    0.00    0.00    0.00    1.00 

Initial_B:
   1.00    0.00    0.00    0.00 
   0.00    1.00    0.00    0.00 
   0.00    0.00    1.00    0.00 
   0.00    0.00    0.00    1.00 

Before loop W: 
     1.00      0.00      0.00      0.00      1.00      0.00      0.00      0.00 
     0.00      1.00      0.00      0.00      0.00      1.00      0.00      0.00 
     0.00      0.00      1.00      0.00      0.00      0.00      1.00      0.00 
     0.00      0.00      0.00      1.00      0.00      0.00      0.00      1.00 
k = 0

p = 0, k = 0
RelativeValue =     1.00
 W: 
     1.00      0.00      0.00      0.00      1.00      0.00      0.00      0.00 
     0.00      1.00      0.00      0.00      0.00      1.00      0.00      0.00 
     0.00      0.00      1.00      0.00      0.00      0.00      1.00      0.00 
     0.00      0.00      0.00      1.00      0.00      0.00      0.00      1.00 
k = 1

p = 1, k = 1
RelativeValue =     1.00
 W: 
     1.00      0.00      0.00      0.00      1.00      0.00      0.00      0.00 
     0.00      1.00      0.00      0.00      0.00      1.00      0.00      0.00 
     0.00      0.00      1.00      0.00      0.00      0.00      1.00      0.00 
     0.00      0.00      0.00      1.00      0.00      0.00      0.00      1.00 
k = 2

p = 2, k = 2
RelativeValue =     1.00
 W: 
     1.00      0.00      0.00      0.00      1.00      0.00      0.00      0.00 
     0.00      1.00      0.00      0.00      0.00      1.00      0.00      0.00 
     0.00      0.00      1.00      0.00      0.00      0.00      1.00      0.00 
     0.00      0.00      0.00      1.00      0.00      0.00      0.00      1.00 
k = 3

p = 3, k = 3
RelativeValue =     1.00
 W: 
     1.00      0.00      0.00      0.00      1.00      0.00      0.00      0.00 
     0.00      1.00      0.00      0.00      0.00      1.00      0.00      0.00 
     0.00      0.00      1.00      0.00      0.00      0.00      1.00      0.00 
     0.00      0.00      0.00      1.00      0.00      0.00      0.00      1.00 

BI:
 1.000000  0.000000  0.000000  0.000000 
 0.000000  1.000000  0.000000  0.000000 
 0.000000  0.000000  1.000000  0.000000 
 0.000000  0.000000  0.000000  1.000000 

W:
     1.00      0.00      0.00      0.00      1.00      0.00      0.00      0.00 
     0.00      1.00      0.00      0.00      0.00      1.00      0.00      0.00 
     0.00      0.00      1.00      0.00      0.00      0.00      1.00      0.00 
     0.00      0.00      0.00      1.00      0.00      0.00      0.00      1.00 

Initial_BI:
   1.00    0.00    0.00    0.00 
   0.00    1.00    0.00    0.00 
   0.00    0.00    1.00    0.00 
   0.00    0.00    0.00    1.00 

Initial_BIA_aux (I, B-1*D):
   1.00    0.00    0.00    0.00    1.00    0.00    0.00    0.00    1.00    0.00    0.00    0.00 
   0.00    1.00    0.00    0.00   20.00    1.00    0.00    0.00    0.00    1.00    0.00    0.00 
   0.00    0.00    1.00    0.00  200.00   20.00    1.00    0.00    0.00    0.00    1.00    0.00 
   0.00    0.00    0.00    1.00  2000.00  200.00   20.00    1.00    0.00    0.00    0.00    1.00 

Initial_A_aux (B,D):
   1.00    0.00    0.00    0.00    1.00    0.00    0.00    0.00    1.00    0.00    0.00    0.00 
   0.00    1.00    0.00    0.00   20.00    1.00    0.00    0.00    0.00    1.00    0.00    0.00 
   0.00    0.00    1.00    0.00  200.00   20.00    1.00    0.00    0.00    0.00    1.00    0.00 
   0.00    0.00    0.00    1.00  2000.00  200.00   20.00    1.00    0.00    0.00    0.00    1.00 
Initial_b:
   1.00  100.00  10000.00  1000000.00 
Initial_BIb:
   1.00  100.00  10000.00  1000000.00 
Initial_D:
   1.00    0.00    0.00    0.00    1.00    0.00    0.00    0.00 
  20.00    1.00    0.00    0.00    0.00    1.00    0.00    0.00 
 200.00   20.00    1.00    0.00    0.00    0.00    1.00    0.00 
 2000.00  200.00   20.00    1.00    0.00    0.00    0.00    1.00 
Initial_d:
 8  9  10  11  0  1  2  3  4  5  6  7 
Initial_cb:
 1.000000  1.000000  1.000000  1.000000 
Initial_cd:
 0.000000  0.000000  0.000000  0.000000  0.000000  0.000000  0.000000  0.000000 

Initial_cb:
   1.00    1.00    1.00    1.00 

Initial_cd:
   0.00    0.00    0.00    0.00    0.00    0.00    0.00    0.00 

Initial_cbBI:
   1.00    1.00    1.00    1.00 

Initial_cbBID:
 2221.00  221.00   21.00    1.00    1.00    1.00    1.00    1.00 

Initial_rd( cd - cbBID ):
 -2221.00  -221.00  -21.00   -1.00   -1.00   -1.00   -1.00   -1.00 

y[0][4] = 1.000000, x[0] = 1.000000 0.000000
init_flag = 0
i = 0, temp = 1.000000
temp_min_index  = 0, temp_min  = 1.000000
y[1][4] = 20.000000, x[1] = 100.000000 1.000000
init_flag = 1
i = 1, temp = 5.000000
temp_min_index  = 0, temp_min  = 1.000000
y[2][4] = 200.000000, x[2] = 10000.000000 5.000000
init_flag = 1
i = 2, temp = 50.000000
temp_min_index  = 0, temp_min  = 1.000000
y[3][4] = 2000.000000, x[3] = 1000000.000000 50.000000
init_flag = 1
i = 3, temp = 500.000000
temp_min_index  = 0, temp_min  = 1.000000

enter_id  = 0,  exiting_id = 0, Initial_d[exiting_id] = 8

Initial_basis:
 0  9  10  11 

Initial_basis:
 0  9  10  11 

Initial_d:
 0  9  10  11  1  2  3  4  5  6  7  8 

Initial_A_aux (B, D):
   1.00    0.00    0.00    0.00    0.00    0.00    0.00    1.00    0.00    0.00    0.00    1.00 
  20.00    1.00    0.00    0.00    1.00    0.00    0.00    0.00    1.00    0.00    0.00    0.00 
 200.00    0.00    1.00    0.00   20.00    1.00    0.00    0.00    0.00    1.00    0.00    0.00 
 2000.00    0.00    0.00    1.00  200.00   20.00    1.00    0.00    0.00    0.00    1.00    0.00 

Initial_B:
   1.00    0.00    0.00    0.00 
  20.00    1.00    0.00    0.00 
 200.00    0.00    1.00    0.00 
 2000.00    0.00    0.00    1.00 

Before loop W: 
     1.00      0.00      0.00      0.00      1.00      0.00      0.00      0.00 
    20.00      1.00      0.00      0.00      0.00      1.00      0.00      0.00 
   200.00      0.00      1.00      0.00      0.00      0.00      1.00      0.00 
  2000.00      0.00      0.00      1.00      0.00      0.00      0.00      1.00 
k = 0

p = 3, k = 0
RelativeValue =  2000.00
 W: 
     1.00      0.00      0.00      0.00      0.00      0.00      0.00      0.00 
     0.00      1.00      0.00     -0.01      0.00      1.00      0.00     -0.01 
     0.00      0.00      1.00     -0.10      0.00      0.00      1.00     -0.10 
     0.00      0.00      0.00     -0.00      1.00      0.00      0.00     -0.00 
k = 1

p = 1, k = 1
RelativeValue =     1.00
 W: 
     1.00      0.00      0.00      0.00      0.00      0.00      0.00      0.00 
     0.00      1.00      0.00     -0.01      0.00      1.00      0.00     -0.01 
     0.00      0.00      1.00     -0.10      0.00      0.00      1.00     -0.10 
     0.00      0.00      0.00     -0.00      1.00      0.00      0.00     -0.00 
k = 2

p = 2, k = 2
RelativeValue =     1.00
 W: 
     1.00      0.00      0.00      0.00      0.00      0.00      0.00      0.00 
     0.00      1.00      0.00     -0.01      0.00      1.00      0.00     -0.01 
     0.00      0.00      1.00     -0.10      0.00      0.00      1.00     -0.10 
     0.00      0.00      0.00     -0.00      1.00      0.00      0.00     -0.00 
k = 3

p = 3, k = 3
RelativeValue =    -0.00
 W: 
     1.00      0.00      0.00      0.00      1.00      0.00      0.00      0.00 
     0.00      1.00      0.00      0.00    -20.00      1.00      0.00      0.00 
     0.00      0.00      1.00      0.00   -200.00      0.00      1.00      0.00 
     0.00      0.00      0.00      1.00  -2000.00      0.00      0.00      1.00 

BI:
 1.000000  0.000000  0.000000  0.000000 
 -20.000000  1.000000  0.000000  0.000000 
 -200.000000  0.000000  1.000000  0.000000 
 -2000.000000  0.000000  0.000000  1.000000 

W:
     1.00      0.00      0.00      0.00      1.00      0.00      0.00      0.00 
     0.00      1.00      0.00      0.00    -20.00      1.00      0.00      0.00 
     0.00      0.00      1.00      0.00   -200.00      0.00      1.00      0.00 
     0.00      0.00      0.00      1.00  -2000.00      0.00      0.00      1.00 

Initial_BI:
   1.00    0.00    0.00    0.00 
 -20.00    1.00    0.00    0.00 
 -200.00    0.00    1.00    0.00 
 -2000.00    0.00    0.00    1.00 

Initial_BIA_aux (I, B-1*D):
   1.00    0.00    0.00    0.00    0.00    0.00    0.00    1.00    0.00    0.00    0.00    1.00 
   0.00    1.00    0.00    0.00    1.00    0.00    0.00  -20.00    1.00    0.00    0.00  -20.00 
   0.00    0.00    1.00    0.00   20.00    1.00    0.00  -200.00    0.00    1.00    0.00  -200.00 
   0.00    0.00    0.00    1.00  200.00   20.00    1.00  -2000.00    0.00    0.00    1.00  -2000.00 

Initial_A_aux (B,D):
   1.00    0.00    0.00    0.00    0.00    0.00    0.00    1.00    0.00    0.00    0.00    1.00 
  20.00    1.00    0.00    0.00    1.00    0.00    0.00    0.00    1.00    0.00    0.00    0.00 
 200.00    0.00    1.00    0.00   20.00    1.00    0.00    0.00    0.00    1.00    0.00    0.00 
 2000.00    0.00    0.00    1.00  200.00   20.00    1.00    0.00    0.00    0.00    1.00    0.00 
Initial_b:
   1.00  100.00  10000.00  1000000.00 
Initial_BIb:
   1.00   80.00  9800.00  998000.00 
Initial_D:
   0.00    0.00    0.00    1.00    0.00    0.00    0.00    1.00 
   1.00    0.00    0.00    0.00    1.00    0.00    0.00    0.00 
  20.00    1.00    0.00    0.00    0.00    1.00    0.00    0.00 
 200.00   20.00    1.00    0.00    0.00    0.00    1.00    0.00 
Initial_d:
 0  9  10  11  1  2  3  4  5  6  7  8 
Initial_cb:
 0.000000  1.000000  1.000000  1.000000 
Initial_cd:
 0.000000  0.000000  0.000000  0.000000  0.000000  0.000000  0.000000  1.000000 

Initial_cb:
   0.00    1.00    1.00    1.00 

Initial_cd:
   0.00    0.00    0.00    0.00    0.00    0.00    0.00    1.00 

Initial_cbBI:
 -2220.00    1.00    1.00    1.00 

Initial_cbBID:
 221.00   21.00    1.00  -2220.00    1.00    1.00    1.00  -2220.00 

Initial_rd( cd - cbBID ):
 -221.00  -21.00   -1.00  2220.00   -1.00   -1.00   -1.00  2221.00 

y[0][4] = 0.000000, x[0] = 1.000000 0.000000
init_flag = 0
temp_min_index  = 0, temp_min  = 0.000000
y[1][4] = 1.000000, x[1] = 80.000000 0.000000
init_flag = 0
i = 1, temp = 80.000000
temp_min_index  = 1, temp_min  = 80.000000
y[2][4] = 20.000000, x[2] = 9800.000000 80.000000
init_flag = 1
i = 2, temp = 490.000000
temp_min_index  = 1, temp_min  = 80.000000
y[3][4] = 200.000000, x[3] = 998000.000000 490.000000
init_flag = 1
i = 3, temp = 4990.000000
temp_min_index  = 1, temp_min  = 80.000000

enter_id  = 1,  exiting_id = 1, Initial_d[exiting_id] = 9

Initial_basis:
 0  1  10  11 

Initial_basis:
 0  1  10  11 

Initial_d:
 0  1  10  11  2  3  4  5  6  7  8  9 

Initial_A_aux (B, D):
   1.00    0.00    0.00    0.00    0.00    0.00    1.00    0.00    0.00    0.00    1.00    0.00 
  20.00    1.00    0.00    0.00    0.00    0.00    0.00    1.00    0.00    0.00    0.00    1.00 
 200.00   20.00    1.00    0.00    1.00    0.00    0.00    0.00    1.00    0.00    0.00    0.00 
 2000.00  200.00    0.00    1.00   20.00    1.00    0.00    0.00    0.00    1.00    0.00    0.00 

Initial_B:
   1.00    0.00    0.00    0.00 
  20.00    1.00    0.00    0.00 
 200.00   20.00    1.00    0.00 
 2000.00  200.00    0.00    1.00 

Before loop W: 
     1.00      0.00      0.00      0.00      1.00      0.00      0.00      0.00 
    20.00      1.00      0.00      0.00      0.00      1.00      0.00      0.00 
   200.00     20.00      1.00      0.00      0.00      0.00      1.00      0.00 
  2000.00    200.00      0.00      1.00      0.00      0.00      0.00      1.00 
k = 0

p = 3, k = 0
RelativeValue =  2000.00
 W: 
     1.00      0.10      0.00      0.00      0.00      0.00      0.00      0.00 
     0.00     -1.00      0.00     -0.01      0.00      1.00      0.00     -0.01 
     0.00      0.00      1.00     -0.10      0.00      0.00      1.00     -0.10 
     0.00     -0.10      0.00     -0.00      1.00      0.00      0.00     -0.00 
k = 1

p = 1, k = 1
RelativeValue =    -1.00
 W: 
     1.00      0.00      0.00     -0.00      0.00      0.10      0.00     -0.00 
     0.00      1.00      0.00      0.01      0.00     -1.00      0.00      0.01 
     0.00      0.00      1.00     -0.10      0.00      0.00      1.00     -0.10 
     0.00      0.00      0.00      0.00      1.00     -0.10      0.00      0.00 
k = 2

p = 2, k = 2
RelativeValue =     1.00
 W: 
     1.00      0.00      0.00     -0.00      0.00      0.10      0.00     -0.00 
     0.00      1.00      0.00      0.01      0.00     -1.00      0.00      0.01 
     0.00      0.00      1.00     -0.10      0.00      0.00      1.00     -0.10 
     0.00      0.00      0.00      0.00      1.00     -0.10      0.00      0.00 
k = 3

p = 3, k = 3
RelativeValue =     0.00
 W: 
     1.00      0.00      0.00      0.00      1.00      0.00      0.00      0.00 
     0.00      1.00      0.00      0.00    -20.00      1.00      0.00      0.00 
     0.00      0.00      1.00      0.00    200.00    -20.00      1.00      0.00 
     0.00      0.00      0.00      1.00   2000.00   -200.00      0.00      1.00 

BI:
 1.000000  0.000000  0.000000  0.000000 
 -20.000000  1.000000  0.000000  0.000000 
 200.000000  -20.000000  1.000000  0.000000 
 2000.000000  -200.000000  0.000000  1.000000 

W:
     1.00      0.00      0.00      0.00      1.00      0.00      0.00      0.00 
     0.00      1.00      0.00      0.00    -20.00      1.00      0.00      0.00 
     0.00      0.00      1.00      0.00    200.00    -20.00      1.00      0.00 
     0.00      0.00      0.00      1.00   2000.00   -200.00      0.00      1.00 

Initial_BI:
   1.00    0.00    0.00    0.00 
 -20.00    1.00    0.00    0.00 
 200.00  -20.00    1.00    0.00 
 2000.00  -200.00    0.00    1.00 

Initial_BIA_aux (I, B-1*D):
   1.00    0.00    0.00    0.00    0.00    0.00    1.00    0.00    0.00    0.00    1.00    0.00 
   0.00    1.00    0.00    0.00    0.00    0.00  -20.00    1.00    0.00    0.00  -20.00    1.00 
   0.00    0.00    1.00    0.00    1.00    0.00  200.00  -20.00    1.00    0.00  200.00  -20.00 
   0.00    0.00    0.00    1.00   20.00    1.00  2000.00  -200.00    0.00    1.00  2000.00  -200.00 

Initial_A_aux (B,D):
   1.00    0.00    0.00    0.00    0.00    0.00    1.00    0.00    0.00    0.00    1.00    0.00 
  20.00    1.00    0.00    0.00    0.00    0.00    0.00    1.00    0.00    0.00    0.00    1.00 
 200.00   20.00    1.00    0.00    1.00    0.00    0.00    0.00    1.00    0.00    0.00    0.00 
 2000.00  200.00    0.00    1.00   20.00    1.00    0.00    0.00    0.00    1.00    0.00    0.00 
Initial_b:
   1.00  100.00  10000.00  1000000.00 
Initial_BIb:
   1.00   80.00  8200.00  982000.00 
Initial_D:
   0.00    0.00    1.00    0.00    0.00    0.00    1.00    0.00 
   0.00    0.00    0.00    1.00    0.00    0.00    0.00    1.00 
   1.00    0.00    0.00    0.00    1.00    0.00    0.00    0.00 
  20.00    1.00    0.00    0.00    0.00    1.00    0.00    0.00 
Initial_d:
 0  1  10  11  2  3  4  5  6  7  8  9 
Initial_cb:
 0.000000  0.000000  1.000000  1.000000 
Initial_cd:
 0.000000  0.000000  0.000000  0.000000  0.000000  0.000000  1.000000  1.000000 

Initial_cb:
   0.00    0.00    1.00    1.00 

Initial_cd:
   0.00    0.00    0.00    0.00    0.00    0.00    1.00    1.00 

Initial_cbBI:
 2200.00  -220.00    1.00    1.00 

Initial_cbBID:
  21.00    1.00  2200.00  -220.00    1.00    1.00  2200.00  -220.00 

Initial_rd( cd - cbBID ):
 -21.00   -1.00  -2200.00  220.00   -1.00   -1.00  -2199.00  221.00 

y[0][6] = 1.000000, x[0] = 1.000000 0.000000
init_flag = 0
i = 0, temp = 1.000000
temp_min_index  = 0, temp_min  = 1.000000
y[1][6] = -20.000000, x[1] = 80.000000 1.000000
init_flag = 1
temp_min_index  = 0, temp_min  = 1.000000
y[2][6] = 200.000000, x[2] = 8200.000000 1.000000
init_flag = 1
i = 2, temp = 41.000000
temp_min_index  = 0, temp_min  = 1.000000
y[3][6] = 2000.000000, x[3] = 982000.000000 41.000000
init_flag = 1
i = 3, temp = 491.000000
temp_min_index  = 0, temp_min  = 1.000000

enter_id  = 4,  exiting_id = 0, Initial_d[exiting_id] = 0

Initial_basis:
 4  1  10  11 

Initial_basis:
 1  4  10  11 

Initial_d:
 1  4  10  11  0  2  3  5  6  7  8  9 

Initial_A_aux (B, D):
   0.00    1.00    0.00    0.00    1.00    0.00    0.00    0.00    0.00    0.00    1.00    0.00 
   1.00    0.00    0.00    0.00   20.00    0.00    0.00    1.00    0.00    0.00    0.00    1.00 
  20.00    0.00    1.00    0.00  200.00    1.00    0.00    0.00    1.00    0.00    0.00    0.00 
 200.00    0.00    0.00    1.00  2000.00   20.00    1.00    0.00    0.00    1.00    0.00    0.00 

Initial_B:
   0.00    1.00    0.00    0.00 
   1.00    0.00    0.00    0.00 
  20.00    0.00    1.00    0.00 
 200.00    0.00    0.00    1.00 

Before loop W: 
     0.00      1.00      0.00      0.00      1.00      0.00      0.00      0.00 
     1.00      0.00      0.00      0.00      0.00      1.00      0.00      0.00 
    20.00      0.00      1.00      0.00      0.00      0.00      1.00      0.00 
   200.00      0.00      0.00      1.00      0.00      0.00      0.00      1.00 
k = 0

p = 3, k = 0
RelativeValue =   200.00
 W: 
     1.00      0.00      0.00      0.01      0.00      0.00      0.00      0.01 
     0.00      0.00      0.00     -0.01      0.00      1.00      0.00     -0.01 
     0.00      0.00      1.00     -0.10      0.00      0.00      1.00     -0.10 
     0.00      1.00      0.00      0.00      1.00      0.00      0.00      0.00 
k = 1

p = 3, k = 1
RelativeValue =     1.00
 W: 
     1.00      0.00      0.00      0.01      0.00      0.00      0.00      0.01 
     0.00      1.00      0.00      0.00      1.00      0.00      0.00      0.00 
     0.00      0.00      1.00     -0.10      0.00      0.00      1.00     -0.10 
     0.00      0.00      0.00     -0.01      0.00      1.00      0.00     -0.01 
k = 2

p = 2, k = 2
RelativeValue =     1.00
 W: 
     1.00      0.00      0.00      0.01      0.00      0.00      0.00      0.01 
     0.00      1.00      0.00      0.00      1.00      0.00      0.00      0.00 
     0.00      0.00      1.00     -0.10      0.00      0.00      1.00     -0.10 
     0.00      0.00      0.00     -0.01      0.00      1.00      0.00     -0.01 
k = 3

p = 3, k = 3
RelativeValue =    -0.01
 W: 
     1.00      0.00      0.00      0.00      0.00      1.00      0.00      0.00 
     0.00      1.00      0.00      0.00      1.00      0.00      0.00      0.00 
     0.00      0.00      1.00      0.00      0.00    -20.00      1.00      0.00 
     0.00      0.00      0.00      1.00      0.00   -200.00      0.00      1.00 

BI:
 0.000000  1.000000  0.000000  0.000000 
 1.000000  0.000000  0.000000  0.000000 
 0.000000  -20.000000  1.000000  0.000000 
 0.000000  -200.000000  0.000000  1.000000 

W:
     1.00      0.00      0.00      0.00      0.00      1.00      0.00      0.00 
     0.00      1.00      0.00      0.00      1.00      0.00      0.00      0.00 
     0.00      0.00      1.00      0.00      0.00    -20.00      1.00      0.00 
     0.00      0.00      0.00      1.00      0.00   -200.00      0.00      1.00 

Initial_BI:
   0.00    1.00    0.00    0.00 
   1.00    0.00    0.00    0.00 
   0.00  -20.00    1.00    0.00 
   0.00  -200.00    0.00    1.00 

Initial_BIA_aux (I, B-1*D):
   1.00    0.00    0.00    0.00   20.00    0.00    0.00    1.00    0.00    0.00    0.00    1.00 
   0.00    1.00    0.00    0.00    1.00    0.00    0.00    0.00    0.00    0.00    1.00    0.00 
   0.00    0.00    1.00    0.00  -200.00    1.00    0.00  -20.00    1.00    0.00    0.00  -20.00 
   0.00    0.00    0.00    1.00  -2000.00   20.00    1.00  -200.00    0.00    1.00    0.00  -200.00 

Initial_A_aux (B,D):
   0.00    1.00    0.00    0.00    1.00    0.00    0.00    0.00    0.00    0.00    1.00    0.00 
   1.00    0.00    0.00    0.00   20.00    0.00    0.00    1.00    0.00    0.00    0.00    1.00 
  20.00    0.00    1.00    0.00  200.00    1.00    0.00    0.00    1.00    0.00    0.00    0.00 
 200.00    0.00    0.00    1.00  2000.00   20.00    1.00    0.00    0.00    1.00    0.00    0.00 
Initial_b:
   1.00  100.00  10000.00  1000000.00 
Initial_BIb:
 100.00    1.00  8000.00  980000.00 
Initial_D:
   1.00    0.00    0.00    0.00    0.00    0.00    1.00    0.00 
  20.00    0.00    0.00    1.00    0.00    0.00    0.00    1.00 
 200.00    1.00    0.00    0.00    1.00    0.00    0.00    0.00 
 2000.00   20.00    1.00    0.00    0.00    1.00    0.00    0.00 
Initial_d:
 1  4  10  11  0  2  3  5  6  7  8  9 
Initial_cb:
 0.000000  0.000000  1.000000  1.000000 
Initial_cd:
 0.000000  0.000000  0.000000  0.000000  0.000000  0.000000  1.000000  1.000000 

Initial_cb:
   0.00    0.00    1.00    1.00 

Initial_cd:
   0.00    0.00    0.00    0.00    0.00    0.00    1.00    1.00 

Initial_cbBI:
   0.00  -220.00    1.00    1.00 

Initial_cbBID:
 -2200.00   21.00    1.00  -220.00    1.00    1.00    0.00  -220.00 

Initial_rd( cd - cbBID ):
 2200.00  -21.00   -1.00  220.00   -1.00   -1.00    1.00  221.00 

y[0][5] = 0.000000, x[0] = 100.000000 0.000000
init_flag = 0
temp_min_index  = 0, temp_min  = 0.000000
y[1][5] = 0.000000, x[1] = 1.000000 0.000000
init_flag = 0
temp_min_index  = 0, temp_min  = 0.000000
y[2][5] = 1.000000, x[2] = 8000.000000 0.000000
init_flag = 0
i = 2, temp = 8000.000000
temp_min_index  = 2, temp_min  = 8000.000000
y[3][5] = 20.000000, x[3] = 980000.000000 8000.000000
init_flag = 1
i = 3, temp = 49000.000000
temp_min_index  = 2, temp_min  = 8000.000000

enter_id  = 2,  exiting_id = 2, Initial_d[exiting_id] = 10

Initial_basis:
 1  4  2  11 

Initial_basis:
 1  2  4  11 

Initial_d:
 1  2  4  11  0  3  5  6  7  8  9  10 

Initial_A_aux (B, D):
   0.00    0.00    1.00    0.00    1.00    0.00    0.00    0.00    0.00    1.00    0.00    0.00 
   1.00    0.00    0.00    0.00   20.00    0.00    1.00    0.00    0.00    0.00    1.00    0.00 
  20.00    1.00    0.00    0.00  200.00    0.00    0.00    1.00    0.00    0.00    0.00    1.00 
 200.00   20.00    0.00    1.00  2000.00    1.00    0.00    0.00    1.00    0.00    0.00    0.00 

Initial_B:
   0.00    0.00    1.00    0.00 
   1.00    0.00    0.00    0.00 
  20.00    1.00    0.00    0.00 
 200.00   20.00    0.00    1.00 

Before loop W: 
     0.00      0.00      1.00      0.00      1.00      0.00      0.00      0.00 
     1.00      0.00      0.00      0.00      0.00      1.00      0.00      0.00 
    20.00      1.00      0.00      0.00      0.00      0.00      1.00      0.00 
   200.00     20.00      0.00      1.00      0.00      0.00      0.00      1.00 
k = 0

p = 3, k = 0
RelativeValue =   200.00
 W: 
     1.00      0.10      0.00      0.01      0.00      0.00      0.00      0.01 
     0.00     -0.10      0.00     -0.01      0.00      1.00      0.00     -0.01 
     0.00     -1.00      0.00     -0.10      0.00      0.00      1.00     -0.10 
     0.00      0.00      1.00      0.00      1.00      0.00      0.00      0.00 
k = 1

p = 2, k = 1
RelativeValue =    -1.00
 W: 
     1.00      0.00      0.00     -0.01      0.00      0.00      0.10     -0.01 
     0.00      1.00      0.00      0.10      0.00      0.00     -1.00      0.10 
     0.00      0.00      0.00      0.01      0.00      1.00     -0.10      0.01 
     0.00      0.00      1.00      0.00      1.00      0.00      0.00      0.00 
k = 2

p = 3, k = 2
RelativeValue =     1.00
 W: 
     1.00      0.00      0.00     -0.01      0.00      0.00      0.10     -0.01 
     0.00      1.00      0.00      0.10      0.00      0.00     -1.00      0.10 
     0.00      0.00      1.00      0.00      1.00      0.00      0.00      0.00 
     0.00      0.00      0.00      0.01      0.00      1.00     -0.10      0.01 
k = 3

p = 3, k = 3
RelativeValue =     0.01
 W: 
     1.00      0.00      0.00      0.00      0.00      1.00      0.00      0.00 
     0.00      1.00      0.00      0.00      0.00    -20.00      1.00      0.00 
     0.00      0.00      1.00      0.00      1.00      0.00      0.00      0.00 
     0.00      0.00      0.00      1.00      0.00    200.00    -20.00      1.00 

BI:
 0.000000  1.000000  0.000000  0.000000 
 0.000000  -20.000000  1.000000  0.000000 
 1.000000  0.000000  0.000000  0.000000 
 0.000000  200.000000  -20.000000  1.000000 

W:
     1.00      0.00      0.00      0.00      0.00      1.00      0.00      0.00 
     0.00      1.00      0.00      0.00      0.00    -20.00      1.00      0.00 
     0.00      0.00      1.00      0.00      1.00      0.00      0.00      0.00 
     0.00      0.00      0.00      1.00      0.00    200.00    -20.00      1.00 

Initial_BI:
   0.00    1.00    0.00    0.00 
   0.00  -20.00    1.00    0.00 
   1.00    0.00    0.00    0.00 
   0.00  200.00  -20.00    1.00 

Initial_BIA_aux (I, B-1*D):
   1.00    0.00    0.00    0.00   20.00    0.00    1.00    0.00    0.00    0.00    1.00    0.00 
   0.00    1.00    0.00    0.00  -200.00    0.00  -20.00    1.00    0.00    0.00  -20.00    1.00 
   0.00    0.00    1.00    0.00    1.00    0.00    0.00    0.00    0.00    1.00    0.00    0.00 
   0.00    0.00    0.00    1.00  2000.00    1.00  200.00  -20.00    1.00    0.00  200.00  -20.00 

Initial_A_aux (B,D):
   0.00    0.00    1.00    0.00    1.00    0.00    0.00    0.00    0.00    1.00    0.00    0.00 
   1.00    0.00    0.00    0.00   20.00    0.00    1.00    0.00    0.00    0.00    1.00    0.00 
  20.00    1.00    0.00    0.00  200.00    0.00    0.00    1.00    0.00    0.00    0.00    1.00 
 200.00   20.00    0.00    1.00  2000.00    1.00    0.00    0.00    1.00    0.00    0.00    0.00 
Initial_b:
   1.00  100.00  10000.00  1000000.00 
Initial_BIb:
 100.00  8000.00    1.00  820000.00 
Initial_D:
   1.00    0.00    0.00    0.00    0.00    1.00    0.00    0.00 
  20.00    0.00    1.00    0.00    0.00    0.00    1.00    0.00 
 200.00    0.00    0.00    1.00    0.00    0.00    0.00    1.00 
 2000.00    1.00    0.00    0.00    1.00    0.00    0.00    0.00 
Initial_d:
 1  2  4  11  0  3  5  6  7  8  9  10 
Initial_cb:
 0.000000  0.000000  0.000000  1.000000 
Initial_cd:
 0.000000  0.000000  0.000000  0.000000  0.000000  1.000000  1.000000  1.000000 

Initial_cb:
   0.00    0.00    0.00    1.00 

Initial_cd:
   0.00    0.00    0.00    0.00    0.00    1.00    1.00    1.00 

Initial_cbBI:
   0.00  200.00  -20.00    1.00 

Initial_cbBID:
 2000.00    1.00  200.00  -20.00    1.00    0.00  200.00  -20.00 

Initial_rd( cd - cbBID ):
 -2000.00   -1.00  -200.00   20.00   -1.00    1.00  -199.00   21.00 

y[0][4] = 20.000000, x[0] = 100.000000 0.000000
init_flag = 0
i = 0, temp = 5.000000
temp_min_index  = 0, temp_min  = 5.000000
y[1][4] = -200.000000, x[1] = 8000.000000 5.000000
init_flag = 1
temp_min_index  = 0, temp_min  = 5.000000
y[2][4] = 1.000000, x[2] = 1.000000 5.000000
init_flag = 1
i = 2, temp = 1.000000
temp_min_index  = 2, temp_min  = 1.000000
y[3][4] = 2000.000000, x[3] = 820000.000000 1.000000
init_flag = 1
i = 3, temp = 410.000000
temp_min_index  = 2, temp_min  = 1.000000

enter_id  = 0,  exiting_id = 2, Initial_d[exiting_id] = 4

Initial_basis:
 1  2  0  11 

Initial_basis:
 0  1  2  11 

Initial_d:
 0  1  2  11  3  4  5  6  7  8  9  10 

Initial_A_aux (B, D):
   1.00    0.00    0.00    0.00    0.00    1.00    0.00    0.00    0.00    1.00    0.00    0.00 
  20.00    1.00    0.00    0.00    0.00    0.00    1.00    0.00    0.00    0.00    1.00    0.00 
 200.00   20.00    1.00    0.00    0.00    0.00    0.00    1.00    0.00    0.00    0.00    1.00 
 2000.00  200.00   20.00    1.00    1.00    0.00    0.00    0.00    1.00    0.00    0.00    0.00 

Initial_B:
   1.00    0.00    0.00    0.00 
  20.00    1.00    0.00    0.00 
 200.00   20.00    1.00    0.00 
 2000.00  200.00   20.00    1.00 

Before loop W: 
     1.00      0.00      0.00      0.00      1.00      0.00      0.00      0.00 
    20.00      1.00      0.00      0.00      0.00      1.00      0.00      0.00 
   200.00     20.00      1.00      0.00      0.00      0.00      1.00      0.00 
  2000.00    200.00     20.00      1.00      0.00      0.00      0.00      1.00 
k = 0

p = 3, k = 0
RelativeValue =  2000.00
 W: 
     1.00      0.10      0.01      0.00      0.00      0.00      0.00      0.00 
     0.00     -1.00     -0.20     -0.01      0.00      1.00      0.00     -0.01 
     0.00      0.00     -1.00     -0.10      0.00      0.00      1.00     -0.10 
     0.00     -0.10     -0.01     -0.00      1.00      0.00      0.00     -0.00 
k = 1

p = 1, k = 1
RelativeValue =    -1.00
 W: 
     1.00      0.00     -0.01     -0.00      0.00      0.10      0.00     -0.00 
     0.00      1.00      0.20      0.01      0.00     -1.00      0.00      0.01 
     0.00      0.00     -1.00     -0.10      0.00      0.00      1.00     -0.10 
     0.00      0.00      0.01      0.00      1.00     -0.10      0.00      0.00 
k = 2

p = 2, k = 2
RelativeValue =    -1.00
 W: 
     1.00      0.00      0.00      0.00      0.00      0.10     -0.01      0.00 
     0.00      1.00      0.00     -0.01      0.00     -1.00      0.20     -0.01 
     0.00      0.00      1.00      0.10      0.00      0.00     -1.00      0.10 
     0.00      0.00      0.00     -0.00      1.00     -0.10      0.01     -0.00 
k = 3

p = 3, k = 3
RelativeValue =    -0.00
 W: 
     1.00      0.00      0.00      0.00      1.00      0.00      0.00      0.00 
     0.00      1.00      0.00      0.00    -20.00      1.00      0.00      0.00 
     0.00      0.00      1.00      0.00    200.00    -20.00      1.00      0.00 
     0.00      0.00      0.00      1.00  -2000.00    200.00    -20.00      1.00 

BI:
 1.000000  0.000000  0.000000  0.000000 
 -20.000000  1.000000  0.000000  0.000000 
 200.000000  -20.000000  1.000000  0.000000 
 -2000.000000  200.000000  -20.000000  1.000000 

W:
     1.00      0.00      0.00      0.00      1.00      0.00      0.00      0.00 
     0.00      1.00      0.00      0.00    -20.00      1.00      0.00      0.00 
     0.00      0.00      1.00      0.00    200.00    -20.00      1.00      0.00 
     0.00      0.00      0.00      1.00  -2000.00    200.00    -20.00      1.00 

Initial_BI:
   1.00    0.00    0.00    0.00 
 -20.00    1.00    0.00    0.00 
 200.00  -20.00    1.00    0.00 
 -2000.00  200.00  -20.00    1.00 

Initial_BIA_aux (I, B-1*D):
   1.00    0.00    0.00    0.00    0.00    1.00    0.00    0.00    0.00    1.00    0.00    0.00 
   0.00    1.00    0.00    0.00    0.00  -20.00    1.00    0.00    0.00  -20.00    1.00    0.00 
   0.00    0.00    1.00    0.00    0.00  200.00  -20.00    1.00    0.00  200.00  -20.00    1.00 
   0.00    0.00    0.00    1.00    1.00  -2000.00  200.00  -20.00    1.00  -2000.00  200.00  -20.00 

Initial_A_aux (B,D):
   1.00    0.00    0.00    0.00    0.00    1.00    0.00    0.00    0.00    1.00    0.00    0.00 
  20.00    1.00    0.00    0.00    0.00    0.00    1.00    0.00    0.00    0.00    1.00    0.00 
 200.00   20.00    1.00    0.00    0.00    0.00    0.00    1.00    0.00    0.00    0.00    1.00 
 2000.00  200.00   20.00    1.00    1.00    0.00    0.00    0.00    1.00    0.00    0.00    0.00 
Initial_b:
   1.00  100.00  10000.00  1000000.00 
Initial_BIb:
   1.00   80.00  8200.00  818000.00 
Initial_D:
   0.00    1.00    0.00    0.00    0.00    1.00    0.00    0.00 
   0.00    0.00    1.00    0.00    0.00    0.00    1.00    0.00 
   0.00    0.00    0.00    1.00    0.00    0.00    0.00    1.00 
   1.00    0.00    0.00    0.00    1.00    0.00    0.00    0.00 
Initial_d:
 0  1  2  11  3  4  5  6  7  8  9  10 
Initial_cb:
 0.000000  0.000000  0.000000  1.000000 
Initial_cd:
 0.000000  0.000000  0.000000  0.000000  0.000000  1.000000  1.000000  1.000000 

Initial_cb:
   0.00    0.00    0.00    1.00 

Initial_cd:
   0.00    0.00    0.00    0.00    0.00    1.00    1.00    1.00 

Initial_cbBI:
 -2000.00  200.00  -20.00    1.00 

Initial_cbBID:
   1.00  -2000.00  200.00  -20.00    1.00  -2000.00  200.00  -20.00 

Initial_rd( cd - cbBID ):
  -1.00  2000.00  -200.00   20.00   -1.00  2001.00  -199.00   21.00 

y[0][6] = 0.000000, x[0] = 1.000000 0.000000
init_flag = 0
temp_min_index  = -1, temp_min  = 0.000000
y[1][6] = 1.000000, x[1] = 80.000000 0.000000
init_flag = 0
i = 1, temp = 80.000000
temp_min_index  = 1, temp_min  = 80.000000
y[2][6] = -20.000000, x[2] = 8200.000000 80.000000
init_flag = 1
temp_min_index  = 1, temp_min  = 80.000000
y[3][6] = 200.000000, x[3] = 818000.000000 80.000000
init_flag = 1
i = 3, temp = 4090.000000
temp_min_index  = 1, temp_min  = 80.000000

enter_id  = 5,  exiting_id = 1, Initial_d[exiting_id] = 1

Initial_basis:
 0  5  2  11 

Initial_basis:
 0  2  5  11 

Initial_d:
 0  2  5  11  1  3  4  6  7  8  9  10 

Initial_A_aux (B, D):
   1.00    0.00    0.00    0.00    0.00    0.00    1.00    0.00    0.00    1.00    0.00    0.00 
  20.00    0.00    1.00    0.00    1.00    0.00    0.00    0.00    0.00    0.00    1.00    0.00 
 200.00    1.00    0.00    0.00   20.00    0.00    0.00    1.00    0.00    0.00    0.00    1.00 
 2000.00   20.00    0.00    1.00  200.00    1.00    0.00    0.00    1.00    0.00    0.00    0.00 

Initial_B:
   1.00    0.00    0.00    0.00 
  20.00    0.00    1.00    0.00 
 200.00    1.00    0.00    0.00 
 2000.00   20.00    0.00    1.00 

Before loop W: 
     1.00      0.00      0.00      0.00      1.00      0.00      0.00      0.00 
    20.00      0.00      1.00      0.00      0.00      1.00      0.00      0.00 
   200.00      1.00      0.00      0.00      0.00      0.00      1.00      0.00 
  2000.00     20.00      0.00      1.00      0.00      0.00      0.00      1.00 
k = 0

p = 3, k = 0
RelativeValue =  2000.00
 W: 
     1.00      0.01      0.00      0.00      0.00      0.00      0.00      0.00 
     0.00     -0.20      1.00     -0.01      0.00      1.00      0.00     -0.01 
     0.00     -1.00      0.00     -0.10      0.00      0.00      1.00     -0.10 
     0.00     -0.01      0.00     -0.00      1.00      0.00      0.00     -0.00 
k = 1

p = 2, k = 1
RelativeValue =    -1.00
 W: 
     1.00      0.00      0.00     -0.00      0.00      0.00      0.01     -0.00 
     0.00      1.00      0.00      0.10      0.00      0.00     -1.00      0.10 
     0.00      0.00      1.00      0.01      0.00      1.00     -0.20      0.01 
     0.00      0.00      0.00      0.00      1.00      0.00     -0.01      0.00 
k = 2

p = 2, k = 2
RelativeValue =     1.00
 W: 
     1.00      0.00      0.00     -0.00      0.00      0.00      0.01     -0.00 
     0.00      1.00      0.00      0.10      0.00      0.00     -1.00      0.10 
     0.00      0.00      1.00      0.01      0.00      1.00     -0.20      0.01 
     0.00      0.00      0.00      0.00      1.00      0.00     -0.01      0.00 
k = 3

p = 3, k = 3
RelativeValue =     0.00
 W: 
     1.00      0.00      0.00      0.00      1.00      0.00      0.00      0.00 
     0.00      1.00      0.00      0.00   -200.00      0.00      1.00      0.00 
     0.00      0.00      1.00      0.00    -20.00      1.00      0.00      0.00 
     0.00      0.00      0.00      1.00   2000.00      0.00    -20.00      1.00 

BI:
 1.000000  0.000000  0.000000  0.000000 
 -200.000000  0.000000  1.000000  0.000000 
 -20.000000  1.000000  0.000000  0.000000 
 2000.000000  0.000000  -20.000000  1.000000 

W:
     1.00      0.00      0.00      0.00      1.00      0.00      0.00      0.00 
     0.00      1.00      0.00      0.00   -200.00      0.00      1.00      0.00 
     0.00      0.00      1.00      0.00    -20.00      1.00      0.00      0.00 
     0.00      0.00      0.00      1.00   2000.00      0.00    -20.00      1.00 

Initial_BI:
   1.00    0.00    0.00    0.00 
 -200.00    0.00    1.00    0.00 
 -20.00    1.00    0.00    0.00 
 2000.00    0.00  -20.00    1.00 

Initial_BIA_aux (I, B-1*D):
   1.00    0.00    0.00    0.00    0.00    0.00    1.00    0.00    0.00    1.00    0.00    0.00 
   0.00    1.00    0.00    0.00   20.00    0.00  -200.00    1.00    0.00  -200.00    0.00    1.00 
   0.00    0.00    1.00    0.00    1.00    0.00  -20.00    0.00    0.00  -20.00    1.00    0.00 
   0.00    0.00    0.00    1.00  -200.00    1.00  2000.00  -20.00    1.00  2000.00    0.00  -20.00 

Initial_A_aux (B,D):
   1.00    0.00    0.00    0.00    0.00    0.00    1.00    0.00    0.00    1.00    0.00    0.00 
  20.00    0.00    1.00    0.00    1.00    0.00    0.00    0.00    0.00    0.00    1.00    0.00 
 200.00    1.00    0.00    0.00   20.00    0.00    0.00    1.00    0.00    0.00    0.00    1.00 
 2000.00   20.00    0.00    1.00  200.00    1.00    0.00    0.00    1.00    0.00    0.00    0.00 
Initial_b:
   1.00  100.00  10000.00  1000000.00 
Initial_BIb:
   1.00  9800.00   80.00  802000.00 
Initial_D:
   0.00    0.00    1.00    0.00    0.00    1.00    0.00    0.00 
   1.00    0.00    0.00    0.00    0.00    0.00    1.00    0.00 
  20.00    0.00    0.00    1.00    0.00    0.00    0.00    1.00 
 200.00    1.00    0.00    0.00    1.00    0.00    0.00    0.00 
Initial_d:
 0  2  5  11  1  3  4  6  7  8  9  10 
Initial_cb:
 0.000000  0.000000  0.000000  1.000000 
Initial_cd:
 0.000000  0.000000  0.000000  0.000000  0.000000  1.000000  1.000000  1.000000 

Initial_cb:
   0.00    0.00    0.00    1.00 

Initial_cd:
   0.00    0.00    0.00    0.00    0.00    1.00    1.00    1.00 

Initial_cbBI:
 2000.00    0.00  -20.00    1.00 

Initial_cbBID:
 -200.00    1.00  2000.00  -20.00    1.00  2000.00    0.00  -20.00 

Initial_rd( cd - cbBID ):
 200.00   -1.00  -2000.00   20.00   -1.00  -1999.00    1.00   21.00 

y[0][6] = 1.000000, x[0] = 1.000000 0.000000
init_flag = 0
i = 0, temp = 1.000000
temp_min_index  = 0, temp_min  = 1.000000
y[1][6] = -200.000000, x[1] = 9800.000000 1.000000
init_flag = 1
temp_min_index  = 0, temp_min  = 1.000000
y[2][6] = -20.000000, x[2] = 80.000000 1.000000
init_flag = 1
temp_min_index  = 0, temp_min  = 1.000000
y[3][6] = 2000.000000, x[3] = 802000.000000 1.000000
init_flag = 1
i = 3, temp = 401.000000
temp_min_index  = 0, temp_min  = 1.000000

enter_id  = 4,  exiting_id = 0, Initial_d[exiting_id] = 0

Initial_basis:
 4  2  5  11 

Initial_basis:
 2  4  5  11 

Initial_d:
 2  4  5  11  0  1  3  6  7  8  9  10 

Initial_A_aux (B, D):
   0.00    1.00    0.00    0.00    1.00    0.00    0.00    0.00    0.00    1.00    0.00    0.00 
   0.00    0.00    1.00    0.00   20.00    1.00    0.00    0.00    0.00    0.00    1.00    0.00 
   1.00    0.00    0.00    0.00  200.00   20.00    0.00    1.00    0.00    0.00    0.00    1.00 
  20.00    0.00    0.00    1.00  2000.00  200.00    1.00    0.00    1.00    0.00    0.00    0.00 

Initial_B:
   0.00    1.00    0.00    0.00 
   0.00    0.00    1.00    0.00 
   1.00    0.00    0.00    0.00 
  20.00    0.00    0.00    1.00 

Before loop W: 
     0.00      1.00      0.00      0.00      1.00      0.00      0.00      0.00 
     0.00      0.00      1.00      0.00      0.00      1.00      0.00      0.00 
     1.00      0.00      0.00      0.00      0.00      0.00      1.00      0.00 
    20.00      0.00      0.00      1.00      0.00      0.00      0.00      1.00 
k = 0

p = 3, k = 0
RelativeValue =    20.00
 W: 
     1.00      0.00      0.00      0.05      0.00      0.00      0.00      0.05 
     0.00      0.00      1.00      0.00      0.00      1.00      0.00      0.00 
     0.00      0.00      0.00     -0.05      0.00      0.00      1.00     -0.05 
     0.00      1.00      0.00      0.00      1.00      0.00      0.00      0.00 
k = 1

p = 3, k = 1
RelativeValue =     1.00
 W: 
     1.00      0.00      0.00      0.05      0.00      0.00      0.00      0.05 
     0.00      1.00      0.00      0.00      1.00      0.00      0.00      0.00 
     0.00      0.00      0.00     -0.05      0.00      0.00      1.00     -0.05 
     0.00      0.00      1.00      0.00      0.00      1.00      0.00      0.00 
k = 2

p = 3, k = 2
RelativeValue =     1.00
 W: 
     1.00      0.00      0.00      0.05      0.00      0.00      0.00      0.05 
     0.00      1.00      0.00      0.00      1.00      0.00      0.00      0.00 
     0.00      0.00      1.00      0.00      0.00      1.00      0.00      0.00 
     0.00      0.00      0.00     -0.05      0.00      0.00      1.00     -0.05 
k = 3

p = 3, k = 3
RelativeValue =    -0.05
 W: 
     1.00      0.00      0.00      0.00      0.00      0.00      1.00      0.00 
     0.00      1.00      0.00      0.00      1.00      0.00      0.00      0.00 
     0.00      0.00      1.00      0.00      0.00      1.00      0.00      0.00 
     0.00      0.00      0.00      1.00      0.00      0.00    -20.00      1.00 

BI:
 0.000000  0.000000  1.000000  0.000000 
 1.000000  0.000000  0.000000  0.000000 
 0.000000  1.000000  0.000000  0.000000 
 0.000000  0.000000  -20.000000  1.000000 

W:
     1.00      0.00      0.00      0.00      0.00      0.00      1.00      0.00 
     0.00      1.00      0.00      0.00      1.00      0.00      0.00      0.00 
     0.00      0.00      1.00      0.00      0.00      1.00      0.00      0.00 
     0.00      0.00      0.00      1.00      0.00      0.00    -20.00      1.00 

Initial_BI:
   0.00    0.00    1.00    0.00 
   1.00    0.00    0.00    0.00 
   0.00    1.00    0.00    0.00 
   0.00    0.00  -20.00    1.00 

Initial_BIA_aux (I, B-1*D):
   1.00    0.00    0.00    0.00  200.00   20.00    0.00    1.00    0.00    0.00    0.00    1.00 
   0.00    1.00    0.00    0.00    1.00    0.00    0.00    0.00    0.00    1.00    0.00    0.00 
   0.00    0.00    1.00    0.00   20.00    1.00    0.00    0.00    0.00    0.00    1.00    0.00 
   0.00    0.00    0.00    1.00  -2000.00  -200.00    1.00  -20.00    1.00    0.00    0.00  -20.00 

Initial_A_aux (B,D):
   0.00    1.00    0.00    0.00    1.00    0.00    0.00    0.00    0.00    1.00    0.00    0.00 
   0.00    0.00    1.00    0.00   20.00    1.00    0.00    0.00    0.00    0.00    1.00    0.00 
   1.00    0.00    0.00    0.00  200.00   20.00    0.00    1.00    0.00    0.00    0.00    1.00 
  20.00    0.00    0.00    1.00  2000.00  200.00    1.00    0.00    1.00    0.00    0.00    0.00 
Initial_b:
   1.00  100.00  10000.00  1000000.00 
Initial_BIb:
 10000.00    1.00  100.00  800000.00 
Initial_D:
   1.00    0.00    0.00    0.00    0.00    1.00    0.00    0.00 
  20.00    1.00    0.00    0.00    0.00    0.00    1.00    0.00 
 200.00   20.00    0.00    1.00    0.00    0.00    0.00    1.00 
 2000.00  200.00    1.00    0.00    1.00    0.00    0.00    0.00 
Initial_d:
 2  4  5  11  0  1  3  6  7  8  9  10 
Initial_cb:
 0.000000  0.000000  0.000000  1.000000 
Initial_cd:
 0.000000  0.000000  0.000000  0.000000  0.000000  1.000000  1.000000  1.000000 

Initial_cb:
   0.00    0.00    0.00    1.00 

Initial_cd:
   0.00    0.00    0.00    0.00    0.00    1.00    1.00    1.00 

Initial_cbBI:
   0.00    0.00  -20.00    1.00 

Initial_cbBID:
 -2000.00  -200.00    1.00  -20.00    1.00    0.00    0.00  -20.00 

Initial_rd( cd - cbBID ):
 2000.00  200.00   -1.00   20.00   -1.00    1.00    1.00   21.00 

y[0][6] = 0.000000, x[0] = 10000.000000 0.000000
init_flag = 0
temp_min_index  = 0, temp_min  = 0.000000
y[1][6] = 0.000000, x[1] = 1.000000 0.000000
init_flag = 0
temp_min_index  = 0, temp_min  = 0.000000
y[2][6] = 0.000000, x[2] = 100.000000 0.000000
init_flag = 0
temp_min_index  = 0, temp_min  = 0.000000
y[3][6] = 1.000000, x[3] = 800000.000000 0.000000
init_flag = 0
i = 3, temp = 800000.000000
temp_min_index  = 3, temp_min  = 800000.000000

enter_id  = 3,  exiting_id = 3, Initial_d[exiting_id] = 11

Initial_basis:
 2  4  5  3 

Initial_basis:
 2  3  4  5 

Initial_d:
 2  3  4  5  0  1  6  7  8  9  10  11 

Initial_A_aux (B, D):
   0.00    0.00    1.00    0.00    1.00    0.00    0.00    0.00    1.00    0.00    0.00    0.00 
   0.00    0.00    0.00    1.00   20.00    1.00    0.00    0.00    0.00    1.00    0.00    0.00 
   1.00    0.00    0.00    0.00  200.00   20.00    1.00    0.00    0.00    0.00    1.00    0.00 
  20.00    1.00    0.00    0.00  2000.00  200.00    0.00    1.00    0.00    0.00    0.00    1.00 

Initial_B:
   0.00    0.00    1.00    0.00 
   0.00    0.00    0.00    1.00 
   1.00    0.00    0.00    0.00 
  20.00    1.00    0.00    0.00 

Before loop W: 
     0.00      0.00      1.00      0.00      1.00      0.00      0.00      0.00 
     0.00      0.00      0.00      1.00      0.00      1.00      0.00      0.00 
     1.00      0.00      0.00      0.00      0.00      0.00      1.00      0.00 
    20.00      1.00      0.00      0.00      0.00      0.00      0.00      1.00 
k = 0

p = 3, k = 0
RelativeValue =    20.00
 W: 
     1.00      0.05      0.00      0.00      0.00      0.00      0.00      0.05 
     0.00      0.00      0.00      1.00      0.00      1.00      0.00      0.00 
     0.00     -0.05      0.00      0.00      0.00      0.00      1.00     -0.05 
     0.00      0.00      1.00      0.00      1.00      0.00      0.00      0.00 
k = 1

p = 2, k = 1
RelativeValue =    -0.05
 W: 
     1.00      0.00      0.00      0.00      0.00      0.00      1.00      0.00 
     0.00      1.00      0.00      0.00      0.00      0.00    -20.00      1.00 
     0.00      0.00      0.00      1.00      0.00      1.00      0.00      0.00 
     0.00      0.00      1.00      0.00      1.00      0.00      0.00      0.00 
k = 2

p = 3, k = 2
RelativeValue =     1.00
 W: 
     1.00      0.00      0.00      0.00      0.00      0.00      1.00      0.00 
     0.00      1.00      0.00      0.00      0.00      0.00    -20.00      1.00 
     0.00      0.00      1.00      0.00      1.00      0.00      0.00      0.00 
     0.00      0.00      0.00      1.00      0.00      1.00      0.00      0.00 
k = 3

p = 3, k = 3
RelativeValue =     1.00
 W: 
     1.00      0.00      0.00      0.00      0.00      0.00      1.00      0.00 
     0.00      1.00      0.00      0.00      0.00      0.00    -20.00      1.00 
     0.00      0.00      1.00      0.00      1.00      0.00      0.00      0.00 
     0.00      0.00      0.00      1.00      0.00      1.00      0.00      0.00 

BI:
 0.000000  0.000000  1.000000  0.000000 
 0.000000  0.000000  -20.000000  1.000000 
 1.000000  0.000000  0.000000  0.000000 
 0.000000  1.000000  0.000000  0.000000 

W:
     1.00      0.00      0.00      0.00      0.00      0.00      1.00      0.00 
     0.00      1.00      0.00      0.00      0.00      0.00    -20.00      1.00 
     0.00      0.00      1.00      0.00      1.00      0.00      0.00      0.00 
     0.00      0.00      0.00      1.00      0.00      1.00      0.00      0.00 

Initial_BI:
   0.00    0.00    1.00    0.00 
   0.00    0.00  -20.00    1.00 
   1.00    0.00    0.00    0.00 
   0.00    1.00    0.00    0.00 

Initial_BIA_aux (I, B-1*D):
   1.00    0.00    0.00    0.00  200.00   20.00    1.00    0.00    0.00    0.00    1.00    0.00 
   0.00    1.00    0.00    0.00  -2000.00  -200.00  -20.00    1.00    0.00    0.00  -20.00    1.00 
   0.00    0.00    1.00    0.00    1.00    0.00    0.00    0.00    1.00    0.00    0.00    0.00 
   0.00    0.00    0.00    1.00   20.00    1.00    0.00    0.00    0.00    1.00    0.00    0.00 

Initial_A_aux (B,D):
   0.00    0.00    1.00    0.00    1.00    0.00    0.00    0.00    1.00    0.00    0.00    0.00 
   0.00    0.00    0.00    1.00   20.00    1.00    0.00    0.00    0.00    1.00    0.00    0.00 
   1.00    0.00    0.00    0.00  200.00   20.00    1.00    0.00    0.00    0.00    1.00    0.00 
  20.00    1.00    0.00    0.00  2000.00  200.00    0.00    1.00    0.00    0.00    0.00    1.00 
Initial_b:
   1.00  100.00  10000.00  1000000.00 
Initial_BIb:
 10000.00  800000.00    1.00  100.00 
Initial_D:
   1.00    0.00    0.00    0.00    1.00    0.00    0.00    0.00 
  20.00    1.00    0.00    0.00    0.00    1.00    0.00    0.00 
 200.00   20.00    1.00    0.00    0.00    0.00    1.00    0.00 
 2000.00  200.00    0.00    1.00    0.00    0.00    0.00    1.00 
Initial_d:
 2  3  4  5  0  1  6  7  8  9  10  11 
Initial_cb:
 0.000000  0.000000  0.000000  0.000000 
Initial_cd:
 0.000000  0.000000  0.000000  0.000000  1.000000  1.000000  1.000000  1.000000 

Initial_cb:
   0.00    0.00    0.00    0.00 

Initial_cd:
   0.00    0.00    0.00    0.00    1.00    1.00    1.00    1.00 

Initial_cbBI:
   0.00    0.00    0.00    0.00 

Initial_cbBID:
   0.00    0.00    0.00    0.00    0.00    0.00    0.00    0.00 

Initial_rd( cd - cbBID ):
   0.00    0.00    0.00    0.00    1.00    1.00    1.00    1.00 


Initial basis:
 2  3  4  5 

Basic Solution:
 X2 = 10000.000000  X3 = 800000.000000  X4 = 1.000000  X5 = 100.000000 
Optimal solution found at iteration 1

basis:
 2  3  4  5 

Basic Solution:
 X3 = 0.000000  X4 = 0.000000  X5 = 0.000000  X6 = 0.000000 

Solution value:
 -10.000000 * 0.000000  +  -1.000000 * 0.000000  +  0.000000 * 0.000000  +  0.000000 * 0.000000  = 0.000000
